MTP
version = 1.1.0
potential_name = MTP-level8
scaling = 3.069898119570190e-01
species_count = 1
potential_tag = 
radial_basis_type = RBChebyshev
	min_dist = 1.500000000000000e+00
	max_dist = 4.500000000000000e+00
	radial_basis_size = 8
	radial_funcs_count = 2
	radial_coeffs
		0-0
			{-5.038054355054772e-01, 3.422095690041427e-01, -6.781702964496413e-01, 1.908004871982517e-01, -3.344436821195602e-01, 1.202653922298535e-01, -7.724237821872562e-02, 2.168387107221664e-02}
			{-4.043100178216772e-01, -5.838951850238631e-01, -2.094087002528187e-01, -4.803645300680896e-01, -3.588336417243453e-02, -4.038225633770158e-01, 1.877849284549183e-01, -1.461994467648159e-01}
alpha_moments_count = 18
alpha_index_basic_count = 11
alpha_index_basic = {{0, 0, 0, 0}, {0, 1, 0, 0}, {0, 0, 1, 0}, {0, 0, 0, 1}, {0, 2, 0, 0}, {0, 1, 1, 0}, {0, 1, 0, 1}, {0, 0, 2, 0}, {0, 0, 1, 1}, {0, 0, 0, 2}, {1, 0, 0, 0}}
alpha_index_times_count = 14
alpha_index_times = {{0, 0, 1, 11}, {1, 1, 1, 12}, {2, 2, 1, 12}, {3, 3, 1, 12}, {4, 4, 1, 13}, {5, 5, 2, 13}, {6, 6, 2, 13}, {7, 7, 1, 13}, {8, 8, 2, 13}, {9, 9, 1, 13}, {0, 10, 1, 14}, {0, 11, 1, 15}, {0, 12, 1, 16}, {0, 15, 1, 17}}
alpha_scalar_moments = 9
alpha_moment_mapping = {0, 10, 11, 12, 13, 14, 15, 16, 17}
species_coeffs = {-1.716110296690421e+02}
moment_coeffs = {-2.916255994066047e+02, -7.738025057352748e-01, -5.612534200788087e+02, 1.714659744524307e+01, 8.640131780981944e+00, -3.997435647161204e-01, -4.700597108945831e+02, 1.988307365979438e+01, -1.471220825546099e+02}